0 0 0 
0.0015285 0.00588641 -0.000964312 
0.00305699 0.0117728 -0.00192862 
0.00458549 0.0176592 -0.00289294 
0.00611399 0.0235457 -0.00385725 
0.0083419 0.0273684 -0.00360449 
0.0105698 0.0311911 -0.00335174 
0.0481784 0.0764329 0.00763874 
0.085787 0.121675 0.0186292 
0.194157 0.249755 0.0510951 
0.302527 0.377834 0.083561 
0.414032 0.508581 0.117328 
0.525537 0.639328 0.151095 
0.572552 0.692571 0.16599 
0.619566 0.745814 0.180884 
0.634335 0.760305 0.186342 
0.649104 0.774796 0.191799 
0.675823 0.795184 0.203705 
0.702542 0.815572 0.21561 
0.729261 0.83596 0.227516 
0.75598 0.856348 0.239422 
0.774338 0.864993 0.249471 
0.796304 0.880477 0.237239 
0.811054 0.882283 0.26957 
0.829412 0.890928 0.27962 
0.846584 0.890706 0.291916 
0.863756 0.890484 0.304213 
0.880928 0.890262 0.316509 
0.898099 0.89004 0.328806 
0.901936 0.889534 0.331712 
0.905773 0.889028 0.334618 
0.909609 0.888522 0.337525 
0.913446 0.888016 0.340431 
0.89398 0.865111 0.380568 
0.874515 0.842205 0.420704 
0.855049 0.819299 0.46084 
0.835584 0.796393 0.500976 
0.809177 0.769979 0.524911 
0.782771 0.743564 0.548846 
0.756364 0.71715 0.57278 
0.729958 0.690735 0.596715 
0.7007 0.662955 0.613498 
0.671441 0.635174 0.630282 
0.61119 0.578113 0.663879 
0.550938 0.521051 0.697476 
0.4287 0.405429 0.7647 
0.306462 0.289806 0.831924 
0.153231 0.144903 0.915962 
0 0 1 

