0 0 0 
-0.119034 -0.101311 0.0169961 
-0.238068 -0.202622 0.0339922 
-0.357102 -0.303933 0.0509883 
-0.476136 -0.405244 0.0679844 
-0.59517 -0.506554 0.0849805 
-0.714204 -0.607865 0.101977 
-0.793056 -0.687553 0.138961 
-0.871909 -0.767241 0.175945 
-0.870398 -0.803683 0.252906 
-0.868887 -0.840124 0.329866 
-0.827194 -0.854943 0.426815 
-0.805592 -0.923225 0.523036 
-0.734897 -0.851843 0.599239 
-0.684292 -0.833925 0.674715 
-0.629231 -0.799638 0.739453 
-0.57417 -0.765351 0.804192 
-0.510197 -0.698327 0.847457 
-0.446224 -0.631303 0.890722 
-0.377795 -0.547911 0.923251 
-0.309365 -0.464518 0.955779 
-0.232024 -0.348389 0.966835 
-0.154683 -0.232259 0.97789 
-0.0773414 -0.11613 0.988945 
0 0 1 

