0 0 0 
0.115229 -0.0953055 0.0190674 
0.230458 -0.190611 0.0381347 
0.345688 -0.285917 0.0572021 
0.460917 -0.381222 0.0762694 
0.576146 -0.476528 0.0953368 
0.691375 -0.571833 0.114404 
0.779841 -0.645368 0.135697 
0.868307 -0.718902 0.156991 
0.903245 -0.748895 0.182736 
0.938183 -0.778888 0.208482 
0.946357 -0.78711 0.236453 
0.979712 -0.820363 0.280265 
0.962706 -0.803553 0.292396 
0.970881 -0.811775 0.320367 
0.979055 -0.819997 0.348339 
0.98723 -0.828219 0.37631 
0.976701 -0.834732 0.402802 
0.966172 -0.841246 0.429294 
0.955644 -0.84776 0.455786 
0.945115 -0.854273 0.482277 
0.908999 -0.831648 0.515014 
0.872884 -0.809023 0.54775 
0.823975 -0.771829 0.583608 
0.775067 -0.734635 0.619467 
0.700572 -0.668302 0.661569 
0.626076 -0.601969 0.703672 
0.538788 -0.521066 0.748897 
0.4515 -0.440164 0.794122 
0.338625 -0.330123 0.845592 
0.22575 -0.220082 0.897061 
0.112875 -0.110041 0.948531 
0 0 1 

