0 0 0 
0.00693441 0.00591092 0.00131823 
0.0138688 0.0118218 0.00263646 
0.0337331 0.0288042 0.00646861 
0.0535973 0.0457866 0.0103008 
0.0993211 0.084912 0.0191608 
0.145045 0.124037 0.0280208 
0.203699 0.174234 0.0393947 
0.262352 0.224431 0.0507686 
0.282752 0.242117 0.0549798 
0.303151 0.259804 0.0591909 
0.349036 0.299871 0.0689818 
0.394921 0.339939 0.0787728 
0.491779 0.42477 0.0997234 
0.588636 0.509601 0.120674 
0.683436 0.592753 0.141317 
0.778237 0.675905 0.161961 
0.81795 0.710937 0.17083 
0.857663 0.745969 0.179699 
0.869833 0.75694 0.182682 
0.882003 0.767912 0.185664 
0.880099 0.778105 0.198518 
0.878195 0.788297 0.211372 
0.876292 0.79849 0.224226 
0.874388 0.808683 0.23708 
0.862818 0.815952 0.295362 
0.851248 0.82322 0.353645 
0.839678 0.830489 0.411928 
0.828107 0.837758 0.47021 
0.822217 0.814606 0.49014 
0.816327 0.791454 0.510069 
0.810436 0.768302 0.529998 
0.804546 0.74515 0.549928 
0.771323 0.709006 0.573563 
0.7381 0.672863 0.597199 
0.704876 0.636719 0.620835 
0.671653 0.600576 0.644471 
0.624956 0.55677 0.671117 
0.578259 0.512963 0.697764 
0.512932 0.453524 0.733307 
0.447606 0.394085 0.768851 
0.345019 0.30338 0.822189 
0.242433 0.212675 0.875528 
0.121216 0.106338 0.937764 
0 0 1 

